feh = -0.29167288196147867

primary-mass = 1.0398760182375817
primary-wind-strength = 0.06284932563606294
primary-wind-saturation-frequency = 4.703730445879186
primary-diff-rot-coupling-timescale = 0.011950647097241682
