feh = 0.40322744160042534 

primary-mass = 1.093598472933023
primary-wind-strength = 0.11049714862912581
primary-wind-saturation-frequency = 4.888304301673987
primary-diff-rot-coupling-timescale = 0.010236825663837882
